100 99 1
1 51 25
1 12 80
2 57 67
2 59 23
3 61 29
5 77 6
5 27 3
7 46 18
8 93 17
8 96 94
9 81 67
10 24 47
10 79 88
12 72 24
13 25 69
14 98 84
15 11 12
15 31 14
16 97 62
16 47 17
18 21 35
18 64 86
19 2 49
22 29 45
22 88 38
23 17 37
25 28 88
26 62 54
26 68 90
27 10 91
31 83 33
31 16 92
32 6 47
32 54 23
35 66 5
36 78 97
37 69 47
37 75 57
38 41 18
38 91 15
39 100 4
40 18 35
41 90 41
42 58 36
43 65 78
43 94 83
45 4 73
47 52 53
47 43 86
47 71 15
48 40 89
50 34 18
50 9 78
50 82 26
50 56 55
52 95 43
55 85 68
55 89 6
55 15 71
56 14 80
58 35 83
59 76 46
59 36 51
61 60 50
63 37 33
64 99 38
67 26 70
70 13 30
71 20 68
71 80 86
71 39 25
72 42 52
72 38 42
73 87 86
75 45 36
78 33 21
80 44 57
80 70 37
82 67 45
82 22 11
84 32 85
85 53 95
85 5 7
86 7 28
87 63 52
87 48 15
87 55 66
90 23 96
91 50 16
92 84 34
93 86 4
94 92 65
94 8 81
95 74 46
95 19 32
97 30 32
97 49 53
98 73 6
100 3 87
