1416 22 97
1731 74134.2
240 9389.2
2419 40689.0
7138 44212.5
1261 10248.2
1018 96218.6
2932 70501.0
3827 33373.2
9422 14226.7
5924 50332.0
1185 6285.1
360 38139.8
8970 10538.0
7650 54206.3
1600 30199.2
9573 59632.9
5320 99857.7
6383 60420.2
110 8895.8
947 85391.4
3567 9714.3
7264 42188.1
9982 30376.3
4608 75943.9
959 79512.2
9723 7646.6
9302 2217.2
7429 69019.4
2214 75120.9
5538 80784.1
9806 89121.7
3771 29884.2
8488 29422.9
5652 32126.7
8021 43862.6
3389 22929.8
4915 6568.1
3528 45711.2
3177 11980.8
714 84123.9
9578 87071.8
7617 17998.2
1685 33911.7
347 57889.8
7320 83647.0
1276 60251.4
7274 41124.6
7306 35889.6
1826 57598.0
905 58299.7
7410 26175.2
3241 78568.4
3504 69220.7
6581 81832.7
479 24187.2
3121 64603.5
6370 54535.5
2326 14791.4
9731 35000.6
3540 76870.6
158 53631.9
4832 40945.0
7143 50143.7
6390 28107.3
95 67352.1
9874 58380.6
2329 87452.8
1325 80792.7
2823 38514.1
9070 36698.9
9257 61103.7
649 92225.7
9658 71827.9
8132 44680.5
1252 19255.1
7500 14187.4
8128 9147.5
2683 62492.1
6037 92108.2
5917 92046.5
9853 86218.6
8571 4887.1
2278 68252.8
3561 2390.7
5146 23447.3
8449 60306.3
1132 43960.5
5082 62316.7
4839 79995.3
683 81868.6
8113 27132.5
4680 99529.1
2597 27538.8
5102 41391.6
4041 40991.5
6641 31480.0
7019 24640.6
8431 1711.5
6927 13404.9
174 11273.2
2551 12054.3
1143 62370.2
4556 80884.6
1277 74331.8
4869 22991.0
1052 25381.3
7054 11961.9
6336 39578.9
5842 47072.9
1309 4351.4
4362 64824.8
6585 32564.3
4757 77010.1
7598 983.9
1198 46202.0
8040 86372.7
671 974.4
2977 79352.3
5354 45139.4
8234 56087.5
5489 78189.0
1352 70301.2
4177 73047.2
5265 99881.6
6657 37480.2
2043 9619.6
861 54871.9
9577 20933.5
4840 75869.0
40 14813.9
6436 79153.6
2065 66733.1
4411 95007.1
5720 60428.7
679 42966.5
5382 61413.6
5888 810.8
4266 61652.0
7063 43134.4
9157 46726.7
914 25753.8
108 34110.9
8472 58026.4
8844 42370.3
2512 76384.4
3138 16458.9
145 49006.7
9169 18758.0
381 63510.7
8244 92893.5
3373 89505.4
1196 3780.5
545 21247.3
6879 51941.0
6748 21789.1
7087 98315.4
9994 54904.4
601 14396.6
4416 53983.4
7235 23413.0
2492 72031.9
1197 92822.6
3743 94936.3
4639 6192.5
8483 93836.3
2319 9222.5
5837 6329.2
3068 52741.4
7354 36535.0
8299 58538.6
2517 7872.6
6723 69076.7
8076 40649.5
8448 8835.1
1173 93956.5
3353 46449.2
5056 56694.9
2969 40073.3
7476 97145.5
647 1236.2
4520 6980.5
908 10240.9
608 11069.0
5162 21724.4
5474 29767.2
5865 79449.8
9718 99441.1
5912 30372.2
2901 45991.1
8974 83659.8
7323 82358.6
5406 46632.9
1036 40783.2
2003 73150.6
624 79332.4
9673 26676.3
8406 55063.8
9990 13342.4
9442 25543.7
7857 88737.8
9032 3326.4
765 90851.1
8478 11553.4
9610 31981.3
1872 47796.3
3342 33283.1
6157 65976.6
3185 53812.1
431 77178.4
5371 90336.2
9262 67999.6
1970 40974.6
3207 10712.3
7737 30031.0
7308 48602.4
5892 72758.8
5665 6372.2
9839 68606.3
2511 25013.5
6982 75480.3
6105 7337.1
2679 89160.0
4884 28546.5
1121 11646.2
2029 41894.2
6770 90799.5
4016 54531.8
2740 76052.0
4977 93365.3
4865 73745.9
6112 84117.9
8557 69970.2
3223 4977.7
6561 11398.9
134 21972.0
9716 8706.7
3988 86496.9
7804 13690.3
3107 86571.0
4796 52165.1
7313 63999.4
9740 23667.9
7985 68084.7
924 49177.0
2970 21601.3
2896 13207.5
7136 71579.0
4758 95577.4
4985 91202.3
8121 4434.7
836 34362.8
6253 67207.6
5847 72941.2
3651 59921.1
8810 33458.4
923 65217.5
8514 50690.9
2595 61228.1
1175 85091.2
7109 69168.7
7286 24979.8
2638 30999.1
8261 27143.9
5611 60724.9
8874 30613.4
3665 15540.7
4525 61322.5
7228 60149.5
7769 67689.9
1925 89973.0
1159 63829.0
5728 4910.0
8348 4892.8
9591 96504.3
4126 33478.6
2217 70983.0
8268 83848.2
6564 77283.1
8364 87350.0
7351 12681.7
9432 2157.7
8082 95491.8
50 27986.1
2859 27640.6
9730 37084.4
975 46529.8
4761 19617.6
1186 4860.5
6356 82486.7
8134 71590.8
1928 19806.8
2467 48691.8
3415 9692.9
2939 81619.7
5122 72130.6
7139 47300.7
6341 51796.0
5180 54674.0
1522 64711.3
6777 23736.5
8027 22613.3
408 14152.6
3385 16666.3
7078 29146.6
9003 19833.2
9053 86738.1
4490 63091.0
9393 59800.7
3596 92680.2
4076 21847.5
9449 25510.0
3874 91500.4
8813 79738.8
8330 26298.4
1853 66082.4
330 23274.5
6438 26745.8
4183 17482.1
5994 13328.5
1590 97494.7
3860 52262.5
3103 50137.9
5572 39444.1
2281 8537.4
8387 20594.7
784 4385.9
3283 75132.7
2493 42199.5
9690 62073.9
4954 82023.2
1789 93795.8
8273 20398.5
4125 74177.9
4745 57227.1
248 69149.4
9955 8398.2
1258 65576.4
8426 88585.4
4736 66556.0
6072 66803.2
3506 88855.6
8442 32847.2
6342 34978.0
9366 65089.2
2178 64193.8
7220 16361.2
6272 88718.7
4193 66783.1
9025 97359.4
8889 16808.1
6610 79942.3
5739 81737.9
9401 25615.8
3239 61034.1
4669 43982.2
8242 89834.5
9109 60600.3
5143 94761.9
2154 90663.0
3156 87742.6
6248 62448.4
4593 93128.1
8569 52703.8
2299 48692.5
5027 65178.7
4139 24007.8
2561 74540.8
8566 91393.7
9674 71921.4
4822 76759.5
5409 57479.6
2028 71392.8
2844 88997.9
9314 66663.6
1215 16589.7
6282 19276.8
2742 33266.2
3333 58732.3
1040 81137.6
2487 74304.6
7927 19856.1
8338 96088.3
4859 73043.6
9412 30807.4
160 21710.3
2022 88860.0
3128 12579.1
7915 85900.5
4042 57108.4
4773 99290.2
9810 84790.8
2951 33893.0
5582 1536.3
4545 96218.1
9744 61657.3
8408 88024.1
384 89317.0
2353 27762.3
7569 77065.4
894 26574.8
8703 4783.0
7594 91388.9
6715 26557.3
8722 86184.8
5328 96917.5
7011 65036.5
7363 61435.2
2221 24990.0
1897 23600.7
3371 94117.8
3157 85049.9
7102 97909.6
8685 99026.1
1400 39050.1
7270 90363.4
3548 55974.8
2000 42090.6
2880 17469.3
4168 96332.2
141 44889.7
3513 2060.4
1330 12341.6
5923 37986.3
4014 14114.1
6279 76533.4
8769 71317.6
5576 13131.1
2804 69115.0
6658 92505.8
3585 27768.9
3486 42198.3
7470 74715.0
9498 43034.3
2147 58468.9
461 30739.5
9892 43055.7
2460 99036.1
5845 26587.8
592 31074.4
5662 2848.8
9875 31078.3
8180 53476.9
2136 25461.0
2109 33084.6
9739 62347.9
3043 75065.4
9276 83757.8
4216 40329.9
5931 77595.2
2548 188.6
267 51428.5
5894 50334.8
9906 32441.5
5758 17334.5
1373 10006.9
3268 89340.2
4698 33567.1
4480 37593.3
2074 26970.1
2708 57741.0
9974 60463.6
407 76565.7
6713 61668.6
7125 17378.2
2347 40917.2
6399 35275.6
4721 61267.6
9382 64253.0
2624 22495.2
7182 30228.5
1384 21264.7
5797 48430.8
9862 64051.3
8474 42116.8
5085 91982.4
6459 13522.2
1550 15207.4
3529 72406.9
1467 21973.2
6496 66645.0
1395 1284.6
6889 847.0
172 8407.2
6043 2673.4
788 59402.2
422 16476.7
1728 2069.5
2833 10283.7
6088 6699.2
2923 57304.2
5228 88151.7
8420 15525.6
8618 64478.5
3558 488.6
1404 17682.7
2715 31024.9
8604 92349.8
230 32928.9
266 36322.1
1856 1232.1
5362 55177.3
2531 30861.8
7169 24588.1
3884 84748.1
8416 30085.6
7869 30453.7
6201 19853.3
4705 37770.8
2196 80179.7
1300 2846.8
6335 23821.0
1626 70906.2
798 14634.5
3095 47668.7
8233 26863.8
6127 6401.0
4733 18134.0
8089 39125.7
9167 89346.5
6010 50178.0
9145 5431.1
7303 83210.5
458 50609.4
1838 64201.9
7566 57118.6
685 67676.8
1997 31484.2
8713 29679.6
9973 20050.3
7972 49056.5
8521 66884.8
2994 10491.6
4637 95945.7
8365 59263.6
5273 56973.6
7383 14845.9
9872 90975.6
4976 97669.8
7799 41032.0
8053 75955.0
7911 6583.2
2036 59900.8
8742 27855.0
722 71157.0
5402 58029.9
3881 49505.8
4881 52681.0
213 40021.1
5918 41845.6
6140 80437.4
8414 79181.0
1775 31490.5
1790 14713.9
4924 3313.9
4990 53244.3
3314 32905.8
8470 58649.1
8617 46259.7
2841 79570.7
9621 30770.3
4666 14116.2
8367 4926.1
9836 64275.7
3626 39039.1
7983 44395.8
6551 407.3
1281 27548.0
7040 39612.6
6783 19047.2
1814 76678.5
9784 66655.6
454 70743.7
1219 9394.7
9437 35815.0
9045 52375.2
6973 18525.4
1403 53222.0
5644 19672.8
4846 10259.3
6242 27256.3
3109 65848.8
3297 15100.6
3341 30547.8
859 86422.9
4262 36556.6
883 93677.0
1140 34888.7
109 15568.1
4099 43521.4
9375 31058.1
3271 92972.9
8707 19056.0
1723 18413.6
4061 2959.3
6864 9238.9
5753 57682.4
8246 47069.2
1833 98591.6
1154 49455.1
1211 95957.1
4430 18549.5
5258 92696.3
2345 4240.3
3057 34393.4
822 64719.2
5141 51256.7
8954 64627.4
6539 89152.7
5302 5097.8
4349 23321.5
3871 8909.6
9217 96990.9
3606 37726.2
409 7025.2
1237 32138.5
8729 58548.6
7489 41041.6
477 74716.0
609 15259.8
6767 53145.2
2820 51599.6
4096 78906.3
2457 53561.2
2897 17253.6
7581 66119.0
2876 19109.0
3916 84235.8
163 2007.4
5554 53779.0
9397 54427.7
2095 94109.7
8359 21261.5
1091 25783.2
7801 14707.1
6458 12563.7
4919 69792.5
2871 48122.2
4031 6687.2
868 75133.4
9639 93885.4
9006 77060.9
4768 62103.7
7853 20773.0
7817 33315.9
4274 67062.6
7134 97632.2
2099 11834.9
453 18425.7
80 63832.5
5221 2775.3
5557 13918.2
2744 81411.1
6117 44825.1
5087 89292.7
5774 25386.5
9969 31258.3
855 96021.4
3286 98670.4
5068 52546.6
583 68710.3
3621 70057.3
8353 70065.8
2737 14985.6
8759 87699.7
750 27220.3
8197 74175.8
520 32715.9
9439 4372.9
7305 69088.9
4491 79835.6
5742 48616.7
8902 57246.6
8590 17227.0
8126 72356.5
6478 19626.4
111 28970.1
876 30939.7
3327 64277.7
4102 17311.9
7477 49111.0
9125 94937.8
2990 33863.4
9581 69897.8
653 37200.9
1209 95659.9
3189 49967.4
1518 55162.9
7941 2570.4
2111 20787.6
7798 15515.2
4271 38636.1
3861 30195.1
1558 30780.0
106 41092.2
2479 4697.3
1901 15825.2
3455 42464.9
7450 49802.3
4855 48394.2
9877 97414.1
5500 11865.9
1080 60441.2
7016 61505.2
6962 78650.9
6722 26180.4
9532 11157.1
960 28626.1
4422 93219.8
996 29467.6
1057 46001.4
5275 39300.6
1890 81622.4
7398 3699.9
7089 13154.0
922 47709.5
5956 35325.0
3305 20931.3
4467 43647.6
3810 1622.8
1241 32567.4
4847 93004.1
730 31428.4
731 48684.5
9923 519.6
3379 44889.9
3410 32460.4
3475 84347.6
8640 32406.5
115 51825.1
7402 17064.7
478 92226.0
8236 50936.8
7368 18361.0
167 24583.5
7092 85855.3
9063 49480.2
3380 2976.2
1097 20542.2
2966 41150.2
358 18374.6
6627 29195.3
3363 17595.6
3970 41641.2
8023 45352.9
3496 23546.2
6847 84587.3
2397 13997.6
2015 80641.8
2200 51260.7
3493 85476.3
3008 11070.2
265 81744.0
9908 36128.6
6289 69182.4
8887 98442.3
9634 80240.7
2114 7550.2
3144 29147.8
2741 24932.6
5996 48889.7
1610 60029.8
2840 82302.8
8586 58618.3
9678 99389.7
5734 93304.8
2131 39047.4
4530 2323.3
4305 98177.7
752 82662.1
1072 2924.3
5492 55679.4
9612 73388.3
7723 20147.3
3350 79213.5
2855 59480.5
507 41262.3
3846 2489.6
2497 73847.4
4134 17340.5
8381 36801.1
9323 60139.7
7229 13446.5
85 21908.0
2547 39251.6
8808 6836.8
3518 34669.8
7243 83797.9
1595 66390.5
2021 8771.0
7385 71723.2
6553 94007.6
4633 65393.9
7300 28517.9
5800 16870.1
8243 16953.7
4960 14636.2
8776 71964.4
8395 79763.5
8156 32436.5
8898 67622.6
8807 48995.8
5767 49498.9
349 58468.3
4492 8665.2
4848 83351.3
4993 98410.8
9245 63899.7
196 8634.6
3946 46836.3
79 59082.4
5365 69537.4
9500 78072.4
2499 57787.8
9666 45747.3
193 80608.2
522 95514.4
2169 22680.5
8731 12830.8
5967 1639.6
516 91670.9
4877 34226.3
984 89516.6
629 52696.1
4453 479.3
8630 12178.2
4576 20996.0
6882 84758.9
1812 66324.3
5431 85502.4
7144 75856.6
1640 40954.5
8565 62988.3
1876 74915.5
5826 34140.8
2078 26711.9
260 84790.0
8963 81490.3
2129 91809.8
2903 76640.4
8044 86579.5
3814 87100.1
5846 93994.7
1633 52603.6
121 93535.6
7118 27155.3
641 87971.8
4606 11804.0
9997 73635.6
7957 60238.7
7391 53700.9
9793 68817.7
2564 8199.5
6956 45115.2
2296 67325.4
3251 45914.9
8560 57777.8
2144 38149.4
5600 52177.9
8288 54162.2
9937 51785.7
2846 23270.1
3976 24737.6
9820 35247.1
6055 57778.2
8980 33308.0
6395 52639.0
1348 11648.1
7123 81451.6
4485 41086.9
4004 33007.4
3972 6424.5
2368 34197.5
7724 34633.5
561 42971.3
979 70926.5
1367 28382.7
7893 55212.4
7646 2357.1
3572 86208.6
4408 31403.5
465 86237.6
2854 98994.1
3859 52876.3
9904 49539.3
1883 37123.6
6202 20197.8
7478 93030.4
5378 91429.7
3940 4799.4
9413 45482.5
7031 1786.8
9162 50141.9
9922 98771.4
66 60811.9
7823 41611.2
9771 1586.0
6207 16221.9
5376 55645.4
4566 89265.0
8956 9259.5
2956 42838.9
1998 18804.3
7212 19253.5
1200 85406.4
5025 82101.9
3823 62529.0
7644 70422.3
2592 44794.7
2509 53702.5
6210 61222.3
8575 70267.1
6274 78983.1
6057 81228.2
5913 79244.7
7692 62198.7
699 18031.4
4080 48695.0
504 43370.3
4612 14399.5
3313 88352.3
6076 33344.9
7845 77513.5
4083 16152.7
7411 85810.9
8380 58419.0
8917 36497.2
1233 53801.0
3112 93271.5
7181 97657.4
5565 5391.6
1573 71039.7
6666 90710.8
621 8685.5
2631 20926.4
8797 1481.3
2678 34822.6
1295 47885.3
7784 90857.6
3135 68180.5
9089 35992.1
644 79394.2
7920 82349.3
603 97367.0
920 57484.8
8462 61857.5
9486 61055.8
3381 7099.8
8883 93825.1
4189 68586.0
5488 56636.8
9195 3957.8
2514 25940.5
3967 35830.5
3005 89372.0
9965 88868.1
1449 40915.5
352 42715.0
7696 63321.7
7871 69820.9
8189 59261.6
7678 95622.0
4406 80172.1
3876 64123.9
2048 45958.8
7681 42374.1
8764 44531.9
201 19495.4
2863 69823.4
2858 38748.6
9841 27212.2
537 55570.2
206 44235.3
2386 46830.3
2394 51884.4
124 13161.4
6050 84635.7
5419 25634.4
9388 47725.1
5338 55665.6
8859 17725.2
8231 27281.6
7173 62574.9
4650 18966.1
5296 50395.5
4750 26218.2
6829 95295.7
1584 34056.6
5473 43747.9
3070 23181.5
1232 22897.3
136 94069.4
7079 57250.3
8336 49634.7
6891 73436.9
8361 21.0
4213 61135.1
2005 66546.5
5649 82918.1
4333 67022.7
5549 47549.4
6873 29163.4
3330 39204.0
7850 56490.3
7132 61991.3
589 48210.6
7073 72333.0
735 61759.1
7400 83890.8
1752 90185.6
509 70366.9
4045 62186.5
4337 60987.2
1311 1765.5
7973 58999.0
9970 42893.6
8923 7712.3
9389 53669.1
4997 80128.8
6885 83686.2
5726 85251.1
1101 58328.6
2435 27051.1
1106 7202.5
6522 58545.6
1056 14478.8
6787 22881.2
7596 95948.6
8186 65716.3
2115 55667.9
6470 67877.3
6968 64126.9
3908 30038.5
1943 93644.3
9293 5099.2
8740 66021.6
3799 50691.2
1987 98004.5
1447 13355.8
535 2337.1
445 74869.3
6899 3090.4
4438 92969.3
8055 90113.3
5121 69343.8
9320 89744.7
7490 6878.9
2899 39751.2
4805 27195.8
7189 7493.5
6472 58274.8
2358 58547.9
7485 14433.8
4604 72826.4
8654 55243.8
2301 33647.2
6806 36521.6
5770 92208.4
3039 18428.4
8106 80626.5
2947 39760.7
6049 92207.4
3101 99640.8
3864 19696.8
4902 11719.0
2976 87737.0
4523 92282.7
4789 86318.2
6415 80157.1
7389 39831.7
2298 40625.0
873 14388.5
8331 42322.3
5568 43174.6
9011 82972.8
1038 85914.0
3673 17107.8
5231 11421.7
3394 89240.5
9203 29708.4
6560 2909.7
7768 92931.3
2255 11122.7
6358 54318.2
7205 93575.7
5455 30802.1
7756 56090.6
9895 68147.5
3688 61502.9
1027 26149.5
8332 48062.6
9971 19735.9
7272 17.0
6129 43505.3
5695 81502.8
3897 72194.8
2477 45102.3
8559 58165.5
6123 61551.8
7867 31884.2
8058 25468.9
7232 8206.2
9319 70048.6
1039 14714.3
3467 75369.5
879 87409.4
9681 94616.9
7641 23847.1
1910 85194.5
1176 67282.6
2529 47972.3
5636 54865.0
6799 58636.9
1372 46484.7
4454 39895.7
3615 9802.4
2612 45789.1
9826 7370.9
6445 31964.7
1183 5724.4
7688 51279.6
9738 456.7
438 7343.8
7268 38781.7
2874 56459.9
1697 56214.5
8241 93288.2
8038 88632.4
7960 72785.6
7249 97125.9
9912 25509.7
3298 85655.8
3508 68712.4
22 15855.2
3630 58096.1
3232 8131.9
8400 91233.9
3045 74940.7
2608 59916.9
9618 76201.0
5526 2760.1
2983 80459.3
6391 48284.2
48 36762.3
5841 78380.1
3453 3856.6
9240 94441.7
1620 59145.1
7472 26697.5
839 61836.9
3406 9936.6
2673 13032.0
3569 11685.4
4971 71991.8
5298 22702.9
1611 65929.4
9301 63338.6
1515 74112.2
9699 67031.9
7499 7775.6
7697 21432.6
8170 94998.2
6381 18542.0
5316 83066.4
4026 16293.7
326 44556.4
818 713.4
3352 21634.7
6030 9513.7
7779 29555.4
7161 3210.2
5934 38748.1
3193 97845.7
9988 91968.1
8074 11242.1
6058 87448.5
2842 98974.8
9524 8602.6
1674 67003.9
7386 14848.8
1239 55845.7
4947 44337.4
8430 27003.6
5975 48971.4
3953 21874.5
2793 23337.7
7145 88209.1
5707 34912.8
3739 41732.4
8064 24710.2
9229 40822.4
2 70865.3
3832 51430.1
2811 90900.3
4841 56331.9
9704 6599.8
7408 54600.3
7831 80881.7
8737 2161.5
8561 39775.4
2699 85465.3
9233 34008.6
1699 91082.7
7753 5310.2
6606 81879.3
3355 17390.9
5667 51109.0
9436 71624.9
2186 14729.6
9807 14611.8
8935 90111.1
2094 99079.1
280 95841.3
5428 95478.3
1350 47452.4
7172 23333.3
1881 43629.2
2294 89270.4
6768 23254.6
6865 95980.2
7061 5999.3
5850 92016.4
3191 85935.9
4690 31134.9
1945 92137.1
871 3893.3
9142 57478.1
6655 16561.9
5795 67448.0
3099 38051.7
5527 60305.9
9130 91583.6
9438 47100.9
8831 29011.3
4463 4903.6
650 20246.9
6573 87262.2
7332 17102.7
7759 22694.4
9305 80720.4
8123 86937.0
8219 13687.1
1021 71578.3
4212 80230.0
2350 7724.1
7350 91082.6
2660 76604.3
1823 51366.9
1332 58424.7
4251 28999.9
6868 43114.8
7575 50194.8
1284 37040.0
247 64671.0
4050 18830.8
5484 8126.3
7009 22079.6
377 25802.0
8955 86481.6
8827 81050.5
4247 57706.5
2848 26957.5
6656 23360.9
4613 43881.3
6024 84913.9
165 13983.7
4236 76815.0
576 71794.6
6171 17610.2
4508 16192.5
3580 81302.9
8127 55784.4
2317 47178.3
3812 60571.5
2516 32025.0
953 45349.5
3328 72859.8
2726 53457.8
1563 1280.9
711 17910.4
9426 23610.9
766 2034.0
2718 36105.7
1592 57541.9
7706 34485.8
2381 93503.0
9993 42997.2
7396 64268.1
4799 39532.2
8828 79785.4
7096 83202.2
8190 10958.5
5046 98304.8
398 71232.8
7807 59774.5
1801 32940.7
2128 97576.4
9917 66269.2
8463 80925.0
2252 44312.6
6313 47252.9
191 84099.1
9725 96272.2
164 20805.5
6039 14693.2
5506 69939.7
7369 69416.6
7538 95399.3
3647 99730.5
6619 18240.7
2389 40279.7
9194 65495.0
197 21055.3
5088 83295.9
5988 16384.4
6749 2134.6
9176 5693.9
3340 73676.9
8741 36174.2
1671 14784.4
6228 76574.9
588 88715.6
6139 74610.3
1764 92840.4
5297 7430.1
769 99832.0
4382 96244.4
1937 71304.8
6665 67364.3
7676 99737.2
7026 84915.4
6881 84092.3
275 17510.0
7770 47490.8
4304 25023.3
7017 58824.9
6353 5646.2
9443 57548.9
5950 81636.5
4672 32870.8
3395 76474.3
1578 5050.4
5882 95384.8
5353 82689.7
5945 6848.2
3454 75178.8
700 47097.8
529 61944.8
9488 49130.2
9019 21246.5
2067 45277.1
7642 83544.7
3324 60103.1
6361 53986.9
3538 52557.5
9218 58681.5
9785 94924.0
8609 74310.6
6364 78338.4
6198 76824.8
7627 74456.5
4790 84.2
223 35990.0
8709 25253.6
4113 97086.7
6118 21940.0
6260 35950.1
5268 96786.4
8812 34171.9
759 84008.5
6567 60783.0
1139 20849.4
1394 99117.1
9992 43284.3
3680 59778.1
6200 89040.3
36 72173.6
2534 58978.7
9307 10093.6
8532 92965.0
9357 64822.5
1923 90822.1
8939 61996.2
8826 57482.2
9943 40041.0
667 41746.0
9465 73882.3
8535 48748.4
3186 45483.4
2037 18765.3
7626 29162.9
8321 54628.9
969 68792.1
9341 88670.0
2405 83287.7
7128 22517.0
8708 92960.7
6983 58851.7
6490 16827.2
370 3786.2
8188 67713.9
9528 17385.0
2839 21208.7
8319 16214.9
7178 27041.2
3762 41761.5
340 93909.9
8016 36850.5
7422 35440.4
9166 75039.8
6541 49262.9
6233 3938.8
9246 77712.1
2009 99518.9
2950 53061.0
2280 86866.9
1167 17873.6
